Vssl mmm.
002⁸, 18 8140,Ι 81810, Mt 821018), 82818, 81, 811 81 12,

‘ 8888884888,88888,88884,88ιιυ,88,8888881888.

8881, 10, 18, 2181822, 8081028, 818188,

008108112, 0182481881, 0288, 20, 88, 0218188, 0880, 8,
88 888,81.81.188,88888.848,88.8 08888888, ⁹8⁸1, 8888,

1008188128, 10180, 14 8188 102828 8188108818, 104828
8181, 10880, 08 81812 8124 10888,Ῑο 81820,101881 81811,
10881, 2, 21 8120, 10081 8181,

111810, 14, 81, 81, 148181, 112821, 118818181, 11484, 20(818),
80, 8081818111882,8108128,1118,8 11, 28,88,1, 118128
118814,11081188.,

120888, 121888 88,, 122888, 128828, 882 81 88, 120811, 810 81
28, 128888, 120882 81 820, 121810, 128881, 8218188, 120828,
818 (818),

180821, 80, 182828 8180, 18888, 18488,18884,8,18 81 24,
188818, 21, 88 8112, 18880 8182, 180820,

140810, 81 81 828, 141811 81 18, 142820, 88 8110, 108818, 88
81880148818, 14881181880, 14180, 88 8110, 148821 81888,
140880 (818), 82 81 11 (818),

18084, 12, 14, 88, 4. 80, 18182, 8,11,8881882, 182880, 188818,
18481181820188810818801808102081801818218128, 188811,
1028 81 820,

11088118,81,1,10811410888188111814,14,81,81,4,
1(8ι8) 8111 1888028,84,88128,184811,18,88,1“11ιιΙ., 18882,
118110100828 ffl, 18188, 2881828, 108828 (818), 82488, 84,
10082, 1, 81, 88

11082, 111822, 24, 80, 80, 11282, 810 81 20, 11880, 28 81 88,
114828, 820 8180, 118820, 81, 88, 8, 11082188, 810, 18, 20 (818),
24, 111814, 20, 84, 10 8180, 11882, 820 81 88, 11081, 11, 8188122,

18081288, 8281018810, 21, 28, 10281, 18, 22, 824 88., 188820,
828 8128.

088818 88881118 88818 videntur 8888808888 8888 nunt:

100820 ἁλλὰ-88888, 208888888-8888181μὴ, 204842 καθόλου-881881
81208841 καὶ πρῶτον 'Aristotelia verba 8881. - 2011828188. εἰ 81 μὴ
εἰδείημεν. - 202888 811 τὸ] 8881. - 20081 legendum putaverim ἐν·
08818, 18. 0 881 ᾖ 881 ἰδίως ἔφ’ ἑκ. μερικοῦ finon. - 18. 18. 10 881 18-
gendum 881 ’88088 8 (8811. Aristo& 14824) 881 delendum τοῦτο τὸ. -
18. 88 1888188188 legendum 8888 88181 8 vu. 84 81 ex Aristot. 14884. -
208880 legendum videtur τοῦτο (τὸ συμπέρασμα) μὴ ἐξ ἀνάγκης. -
200888 8881 τετράγωνον 881 addendum 881 certo 888818 intelligendum
881τό ἀπὸ τῆς neuim. 18. 818 8121082 legendum 8818888818881-
8888 nam idem 88818 expressum 8818081188888 200841. Etenim 88 po·

nima· σεπτεμ-880, 888888811888εγῐιῐ, μενῆῑῐ, 81188888 811
8888Ρ81188888881811818ε82. 82; 881 enim az (0⁶2)¹:a²= (8202.-

210811 pro 88 legendum 881 γηῖ - Scholion quod 888 1888 88128118-
8888 8181111 Brundi· non integrum 8888 88888811 88888, 81 888 08 888 818

 

